  3  3  0  2  3  2  1  0  0  1  2	  4  2  1  4  4  3  2  4  1  2  0
  3  3  1  4  3  3  0  3  4  1  1	  2  4  4  3  0  3  0  1  0  2  1
  4  0  2  0  3  1  3  0  0  0  3	  4  0  2  2  4  0  2  1  3  4  2
  1  2  3  1  0  2  0  0  0  2  3	  0  1  3  0  4  1  0  1  1  4  4
  2  1  1  2  2  3  2  4  2  4  4	  4  4  3  3  1  3  1  1  1  1  3
  4  3  0  1  3  2  3  1  3  4  0	  4  4  3  3  1  4  3  2  0  2  4
  3  4  3  2  0  1  2  1  4  0  2	  0  1  0  3  0  4  1  4  1  1  3
  3  4  0  3  1  0  3  1  2  3  2	  4  0  4  4  0  2  2  3  1  1  3
  1  2  1  4  4  1  0  4  1  1  4	  0  0  2  1  2  4  3  1  2  4  1
  4  0  2  3  1  4  4  0  2  2  3	  1  3  4  4  3  2  3  4  1  1  4
  0  4  0  4  0  2  4  3  4  4  4	  4  2  3  1  3  1  1  2  4  2  4

 47 48 46 45 34 45 21 36 18 33 43
 63 51 74 62 52 68 42 48 29 63 63
 52 33 29 44 37 40 24 41 28 30 38
 42 31 41 33 37 25 23 28 25 34 40
 70 52 77 72 53 65 49 66 39 52 81
 50 56 60 72 43 73 43 61 22 45 55
 48 34 52 49 47 55 33 42 33 59 43
 39 45 57 56 44 57 29 53 26 46 53
 65 45 72 52 46 47 29 42 35 49 69
 58 47 53 60 60 65 44 62 36 57 69
 48 52 82 66 50 74 44 65 39 63 85
